index,previous_filename,filename,base_tag,head_tag,base_tag_lines_txt,head_tag_lines_txt,edit_classification_truth,new_ct,obsolete_ct,reusable_ct,affected_cts,total_ct,edit_classification,decision_rationale,elapsed_time_ms
0,,src/UC001_Solicitar_Diarias.claret,exp01_rgp-diarias_v0.1,exp01_rgp-diarias_v0.2,"-		step 13 usuario ""Informa as datas de afastamento, antes do ultimo dia de viagem."" af[3,6]
","+		step 13 usuario ""Informa as datas de afastamento, antes do ultimo dia de viagem."" af[3,5]
",LOW,0,33,67,"{'TC66', 'TC32', 'TC95', 'TC62', 'TC58', 'TC90', 'TC29', 'TC60', 'TC27', 'TC59', 'TC64', 'TC57', 'TC99', 'TC97', 'TC65', 'TC100', 'TC98', 'TC26', 'TC30', 'TC23', 'TC33', 'TC94', 'TC96', 'TC24', 'TC31', 'TC28', 'TC92', 'TC91', 'TC25', 'TC93', 'TC56', 'TC63', 'TC61'}",100,LOW,SorensenDice distance [0.47]: 0.018181818181818188 ,0
1,,src/UC001_Solicitar_Diarias.claret,exp01_rgp-diarias_v0.1,exp01_rgp-diarias_v0.2,"-		step 17 usuario ""Informa que acompanha autoridade"" af[4]
-		step 18 system ""Exibe a opcao escolhida: acompanha autoridade."" ef[5]
-		step 19 usuario ""Seleciona a justificativa.""
-		step 20 system ""Exibe a opcao escolhida: justificativa.""
-		step 21 usuario ""Detalha a justificativa.""
-		step 22 system ""Exibe o texto informado: detalhe da justificativa.""
","+		step 17 usuario ""Seleciona a justificativa.""
+		step 18 system ""Exibe a opcao escolhida: justificativa.""
+		step 19 usuario ""Detalha a justificativa.""
+		step 20 system ""Exibe o texto informado: detalhe da justificativa.""
+		step 21 usuario ""Seleciona o(s) beneficiarios da(s) diaria(s).""
+		step 22 system ""Exibe os beneficiarios selecionados.""
",HIGH,0,45,55,"{'TC66', 'TC32', 'TC62', 'TC75', 'TC11', 'TC29', 'TC7', 'TC64', 'TC53', 'TC10', 'TC76', 'TC87', 'TC21', 'TC85', 'TC20', 'TC19', 'TC99', 'TC97', 'TC22', 'TC74', 'TC42', 'TC41', 'TC78', 'TC55', 'TC44', 'TC65', 'TC52', 'TC100', 'TC98', 'TC30', 'TC33', 'TC96', 'TC8', 'TC43', 'TC89', 'TC31', 'TC77', 'TC9', 'TC86', 'TC54', 'TC40', 'TC18', 'TC51', 'TC63', 'TC88'}",100,LOW,SorensenDice distance [0.47]: 0.13592233009708743 ,0
2,,src/UC001_Solicitar_Diarias.claret,exp01_rgp-diarias_v0.1,exp01_rgp-diarias_v0.2,"-		step 24 system ""Exibe os beneficiarios selecionados.""
-		step 25 usuario ""Seleciona o(s) beneficiarios da(s) diaria(s).""
-		step 26 system ""Confirma a existencia de conta para recebimento de diarias do servidor."" ef[2]
-		step 27 usuario ""Clica em confirmar."" af [5]
-		step 28 system ""Calcula o valor da(s) diaria(s) com as informacoes do formulario."" ef[3,4]
-		step 29 usuario ""Verifica os valores presentes na tela.""
-		step 30 system ""Altera o status da diaria para SOLICITADA: (antes) para empenho; ou, (depois) para prestação de contas""
","+		step 24 system ""Confirma a existencia de conta para recebimento de diarias do servidor."" ef[2]
+		step 25 usuario ""Clica em confirmar."" af [4]
+		step 26 system ""Calcula o valor da(s) diaria(s) com as informacoes do formulario."" ef[3,4]
+		step 27 usuario ""Verifica os valores presentes na tela.""
+		step 28 system ""Altera o status da diaria para SOLICITADA: (antes) para empenho; ou, (depois) para prestação de contas""
",LOW,0,18,82,"{'TC66', 'TC33', 'TC94', 'TC72', 'TC55', 'TC27', 'TC89', 'TC22', 'TC83', 'TC16', 'TC78', 'TC60', 'TC5', 'TC44', 'TC11', 'TC100', 'TC38', 'TC49'}",100,LOW,SorensenDice distance [0.47]: 0.06440677966101693 ,0
3,,src/UC001_Solicitar_Diarias.claret,exp01_rgp-diarias_v0.1,exp01_rgp-diarias_v0.2,"-	alternative 4 ""Usuário informa que NÃO acompanha autoridade"" {
-		step 1 usuario ""Informa que acompanha autoridade""
-		step 2 system ""Exibe a opcao escolhida: NÃO acompanha autoridade.""
-		step 3 usuario ""Seleciona a justificativa."" bs 20
-	}
-	alternative 5 ""Limpar Campos"" {
","+	alternative 4 ""Limpar Campos"" {
",HIGH,0,45,55,"{'TC36', 'TC15', 'TC3', 'TC13', 'TC58', 'TC48', 'TC68', 'TC46', 'TC90', 'TC16', 'TC60', 'TC27', 'TC59', 'TC57', 'TC45', 'TC49', 'TC71', 'TC37', 'TC14', 'TC35', 'TC4', 'TC70', 'TC69', 'TC26', 'TC23', 'TC94', 'TC72', 'TC82', 'TC24', 'TC80', 'TC1', 'TC38', 'TC81', 'TC92', 'TC79', 'TC47', 'TC91', 'TC25', 'TC93', 'TC56', 'TC34', 'TC2', 'TC83', 'TC5', 'TC12'}",100,HIGH,SorensenDice distance [0.47]: 0.671875 ,0
4,,src/UC001_Solicitar_Diarias.claret,exp01_rgp-diarias_v0.1,exp01_rgp-diarias_v0.2,"-	exception 5 ""Servidor não pode estar em companhia de autoridade"" {
-		step 1 system ""Exibe a mensagem de erro MSG206 - A categoria funcional do servidor não permite acompanhar autoridades.""
-	}
",,HIGH,0,9,91,"{'TC95', 'TC39', 'TC17', 'TC6', 'TC73', 'TC28', 'TC84', 'TC50', 'TC61'}",100,HIGH,SorensenDice distance [0.47]: 0.9587628865979382 ,0
5,,src/UC007_Listar_Autorizacoes_Pagamentos_Pendentes.claret,exp01_rgp-diarias_v0.1,exp01_rgp-diarias_v0.2,,"+/*
+ * RGP_DIARIAS: UC007 - Listar Autorizações de Pagamento Pendentes
+ * Este caso de uso tem o objetivo de especificar a funcionalidade que permite 
+ * ao usuário, listar diárias (solicitações) aptas/pendentes de autorização de pagamento.
+ */
+systemName ""RGP-Diarias""
+
+usecase ""UC007 - Listar Autorizações de Pagamento Pendentes"" {
+	version ""0.1"" type ""Creation"" user ""Daniel Medeiros"" date ""13/04/2020""
+	actor usuario ""Chefe""
+	
+	preCondition ""O usuario devidamente autenticado e na tela inicial do sistema""
+		
+	basic {
+		step 1 usuario ""Clica para exibir a lista de diárias (solicitações) aptas para pagamento (SITUAÇÃO LIQUIDADA).""
+		step 2 system ""Recupera e exibe para o usuário a lista de diárias aptas para pagamento.""
+		step 3 usuario ""Seleciona uma diária apta para pagamento"" af[1,2,3,4]
+		step 4 system ""Destaca a diária selecionada""
+	}
+	
+	alternative 1 ""Detalhar diária (solicitação)"" {
+		step 1 usuario ""Clica para detalhar a solicitação de diária.""
+		step 2 system ""Apresenta a tela de Detalhar Diárias""
+	}
+	alternative 2 ""Atribuir/Desatribuir responsabilidade de autorização de pagamento para si"" {
+		step 1 usuario ""Dado um registro selecionado (solicitação aguardando autorização de pagamento - AP), o usuário pode atribuir/desatribuir a responsabilidade da AP a si próprio; e
+					Clica para atribuir/desatribuir o registro a si mesmo.""
+		step 2 system ""Atualiza a lista de registros de solicitações, onde o nome deverá constar o nome do usuário logado (que se atribuiu como responsável pela AP) no campo de atribuição (no caso de desatribuição, o nome deverá ser removido).""
+	}
+	alternative 3 ""Realizar autorização de pagamento"" {
+		step 1 usuario ""Clica para realizar a autorização de pagamento.""
+		step 2 system ""Apresenta a tela de Registrar Autorizações de Pagamento""
+	}
+	alternative 4 ""Filtrar autorizações de pagamento pendentes por usuário atribuído"" {
+		step 1 usuario ""Seleciona um usuário para filtrar as autorizações de pagamento associadas a ele; e
+					Submete a busca ao sistema.""
+		step 2 system ""Filtra os registros (autorizações de pagamento pendentes) e exibe apenas aqueles atribuídos ao usuário selecionado.""
+	}
+	
+	postCondition ""O caso de uso encerra.""
+	
+}
",HIGH,5,0,0,"{'TC3', 'TC2', 'TC1', 'TC5', 'TC4'}",5,HIGH,SorensenDice distance [0.47]: 0.986013986013986 ,1
6,,src/UC008_Registrar_Autorizacao_de_Pagamento.claret,exp01_rgp-diarias_v0.1,exp01_rgp-diarias_v0.2,,"+/*
+ * RGP_DIARIAS: UC008 - Registrar Autorização de Pagamento
+ * Este caso de uso tem o objetivo de especificar a funcionalidade que 
+ * permite ao usuário,registrar autorizações de pagamento (AP) de diárias.
+ */
+systemName ""RGP-Diarias""
+
+usecase ""UC008 - Registrar Autorização de Pagamento"" {
+	version ""0.1"" type ""Creation"" user ""Daniel Medeiros"" date ""13/04/2020""
+	actor usuario ""Chefe""
+	
+	preCondition ""O sistema identifica a solicitação a ter a AP registrada (recebida por parâmetro)."",
+			""O sistema exibe os dados da solicitação para o usuário.""
+		
+	basic {
+		step 3 usuario ""Informa o número de Autorização de Pagamento e do Exercício.""
+		step 2 system ""Exibe o número de Autorização de Pagamento e do Exercício nos campos.""
+		step 4 usuario ""Confirma a operação.""
+		step 5 system ""Persiste o número da AP e o ano de exercício conforme informados;
+					Altera a situação da diária (solicitação) para PAGAMENTO AUTORIZADO; e
+					Exibe mensagem de sucesso para o usuário."" ef[1,2]
+	}
+	exception 1 ""Campos obrigatórios não informados"" {
+		step 1 system ""Identifica que campos obrigatórios não foram preenchidos; e
+					Exibe mensagem de erro (MSG203 - Campos obrigatórios / MSG215 - É obrigatório informar o número da autorização de pagamento) para o usuário.""
+	}
+	exception 2 ""Número da AP já existe"" {
+		step 1 system ""Verifica que já existe um número de AP (considerando também o mesmo exercício) registrado na base de dados; e
+					Interrompe a operação e exibe mensagem de erro (MSG210 - Número da autorização de pagamento já existe.) para o usuário.""
+	}
+	
+	postCondition ""O caso de uso encerra.""
+	
+}
",HIGH,1,0,2,{'TC3'},3,HIGH,SorensenDice distance [0.47]: 0.9863945578231292 ,0
7,,src/UC009_Prestar_Contas.claret,exp01_rgp-diarias_v0.1,exp01_rgp-diarias_v0.2,,"+/*
+ * RGP_DIARIAS: UC009 - Prestar Contas
+ * Este caso de uso tem o objetivo de especificar a funcionalidade que 
+ * permite ao usuário, realizar a prestação de contas de uma viagem.
+ */
+systemName ""RGP-Diarias""
+
+usecase ""UC009 - Prestar Contas"" {
+	version ""0.1"" type ""Creation"" user ""Daniel Medeiros"" date ""13/04/2020""
+	actor usuario ""Chefe""
+	
+	preCondition ""O usuario devidamente autenticado e na tela inicial do sistema""
+		
+	basic {
+		step 1 usuario ""Clica para realizar a prestação de contas.""
+		step 2 system ""Exibe a lista de solicitações de diárias (histórico) em ordem decrescente DO NÚMERO DA DIÁRIA (da maior para a de menor número)."" ef[4]
+		step 3 usuario ""Indica uma solicitação de diárias a fim de realizar a prestação de contas.""
+		step 4 system ""Exibe os detalhes referentes à solicitação selecionada, bem como identificando e apresentando os tipos de documentos/comprovantes a serem informados/consultados pelo usuário; e
+					Exibe o histórico da tramitação da prestação de contas."" ef[2,3]
+		step 5 usuario ""Visualiza o histório da tramitação da prestação de contas."" af[1,2,3,4,5]
+		step 6 system ""Exibe o histórico da tramitação da prestação de contas."" 
+	}
+	
+	alternative 1 ""Inserir comprovantes"" {
+		step 1 usuario ""Clica em inserir;
+					Seleciona um tipo de comprovante;
+					Seleciona um arquivo.""
+		step 2 system ""Realiza o upload do arquivo indicado pelo usuário.""
+	}
+	alternative 2 ""Visualizar comprovante"" {
+		step 1 usuario ""Clica em visualizar comprovante.""
+		step 2 system ""Exibe modal com o comprovante.""
+	}
+	alternative 3 ""Excluir documento"" {
+		step 1 usuario ""Clica em excluir comprovante.""
+		step 2 system ""Exclui o comprovante.""
+	}
+	alternative 4 ""Enviar prestação de contas"" {
+		step 1 usuario ""Clica em confirmar (enviar prestação de contas).""
+		step 2 system ""Exibe a mensagem de confirmação (MSG104 - Confirmar a prestação de contas) para o usuário."" ef[1]
+		step 3 usuario ""Confirma as mensagens, concordando com o prosseguimento da prestação de contas.""
+		step 4 system ""Altera o status da diária para PRESTAÇÃO DE CONTAS REALIZADA e salva os dados da solicitação;
+					Realiza o registro do envio da prestação de contas para possibilitar posterior acompanhamento histórico;
+					Exibe mensagem de sucesso (MSG302 - Operação realizada com sucesso!) para o usuário.""
+	}
+	exception 1 ""Prestação de contas sem todos os documentos anexados"" {
+		step 1 system ""Identifica que pelo menos um dos documentos solicitados para prestação de contas não foi anexado pelo usuário;
+					Exibe mensagem de alerta (MSG001 - Documentos não informados na prestação de contas) para o usuário.""
+	}
+	exception 2 ""Prestação de contas já realizada."" {
+		step 1 system ""Identifica que a prestação de contas indicada pelo usuário não está em nenhum desses dois estados: a) NÃO REALIZADA e b) DEVOLVIDA;
+					Permite não permite um novo envio ou alterações na prestação (exclusão de documentos).""
+	}
+	exception 3 ""Prestação de contas ainda não pode ser realizada."" {
+		step 1 system ""Identifica que a solicitação indicada pelo usuário ainda não pode ter sua prestação de contas realizada;
+					Exibe mensagem de erro (MSG212 - Prestação de contas ainda não pode ser realizada) para o usuário, impedindo que ele preste contas (anexa arquivos e etc).""
+	}
+	alternative 5 ""Detalhar solicitação de diária."" {
+		step 1 usuario ""Clica para detalhar a solicitação de diária.""
+		step 2 system ""Apresenta a tela de Detalhar Diárias""
+	}
+	exception 4 ""Listagem de diárias para o perfil OPERADOR"" {
+		step 1 system ""Identifica que se trata de um usuário com perfil OPERADOR;
+					Exibe tanto as solicitações do próprio usuário quanto as solicitações dos demais servidores lotados na mesma unidade administrativa dele (OPERADOR).""
+	}
+	
+	postCondition ""O caso de uso encerra.""
+	
+}
",HIGH,10,0,0,"{'TC9', 'TC4', 'TC3', 'TC8', 'TC6', 'TC2', 'TC1', 'TC5', 'TC10', 'TC7'}",10,HIGH,SorensenDice distance [0.47]: 0.9896640826873385 ,0
8,,src/UC010_Analisar_Prestacao_de_Contas.claret,exp01_rgp-diarias_v0.1,exp01_rgp-diarias_v0.2,,"+/*
+ * RGP_DIARIAS: UC010 - Analisar Prestação de Contas
+ * Este caso de uso tem o objetivo de especificar a funcionalidade que 
+ * permite ao usuário, analisar prestações de contas de diárias.
+ */
+systemName ""RGP-Diarias""
+
+usecase ""UC010 - Analisar Prestação de Contas"" {
+	version ""0.1"" type ""Creation"" user ""Daniel Medeiros"" date ""13/04/2020""
+	actor usuario ""Chefe""
+	
+	preCondition ""O usuario devidamente autenticado e na tela inicial do sistema""
+	
+	basic {
+		step 1 usuario ""Acessa a funcionalidade de prestação de contas.""
+		step 2 system ""Apresenta a lista de prestações de contas relacionadas à sua competência (em ordem decrescente DO NÚMERO DA DIÁRIA, da maior para a de menor número).""
+		step 3 usuario ""Indica uma prestação de contas para analisar.""
+		step 4 system ""Exibe os detalhes relativos àquela prestação de contas (dados básicos da solicitação e documentos anexos);
+					Exibe o histórico da tramitação da prestação de contas."" ef[2]
+		step 6 usuario ""Clica para analisar a prestação de contas.""
+		step 7 system ""Exibe a tela para prestação de contas""
+		step 8 usuario ""Informa o parecer da prestação de contas.""
+		step 9 system ""Exibe mensagem de confirmação (MSG105 - Confirmar parecer da prestação de contas) para o usuário.""
+		step 10 usuario ""Confirma o parecer dado (confirma operação)."" af[1,2]
+		step 11 system ""Persiste as informações, alterando o status da prestação de contas conforme informada pelo usuário;
+					Realiza o registro do envio da prestação de contas para possibilitar posterior acompanhamento histórico;
+					Exibe mensagem de sucesso (MSG302 - Operação realizada com sucesso!) para o usuário."" ef[1]
+	}
+	
+	alternative 1 ""Visualizar documento/comprovante de prestação de contas"" {
+		step 1 usuario ""Clica no documento a exibir.""
+		step 2 system ""Exibe o documento em tela para o usuário.""
+	}
+	
+	alternative 2 ""Detalhar solicitação de diárias"" {
+		step 1 usuario ""Clica para detalhar a solicitação relacionada a uma determinada prestação de contas.""
+		step 2 system ""Exibe a tela de Detalhar Diárias""
+	}
+	
+	exception 1 ""Campos obrigatório não preenchidos"" {
+		step 1 system ""Identifica que campos obrigatórios do parecer/análise não foram devidamente preenchidos
+					Exibe mensagem de erro (MSG203 - Campos obrigatórios) para o usuário.""
+	}
+	exception 2""Prestação de contas em situação diferente de REALIZADA"" {
+		step 1 system ""Identifica que a prestação de contas escolhida é diferente de REALIZADA;
+					Não permite que seja feita análise por parte do usuário.""
+	}
+	
+	postCondition ""O caso de uso encerra.""
+	
+}
",HIGH,5,0,0,"{'TC3', 'TC2', 'TC1', 'TC5', 'TC4'}",5,HIGH,SorensenDice distance [0.47]: 0.987460815047022 ,0
9,,src/UC001_Solicitar_Diarias.claret,exp01_rgp-diarias_v0.2,exp01_rgp-diarias_v1.0.1,"-		step 27 usuario ""Verifica os valores presentes na tela.""
","+		step 27 usuario ""Verifica os valores presentes na tela:
+						1. Magistrados e desembargadores: não podem ultrapassar 60% do valor de um diária de um ministro do STF.
+						2. Servidores não podem ultrapassar 60% do valor de uma diária de um Magistrado.""
",LOW,0,9,37,"{'TC30', 'TC36', 'TC25', 'TC20', 'TC15', 'TC46', 'TC41', 'TC5', 'TC10'}",46,LOW,SorensenDice distance [0.47]: 0.4242424242424242 ,0
10,,src/UC004_Detalhar_Diarias.claret,exp01_rgp-diarias_v1.0.1,exp01_rgp-diarias_v1.0.2,"-		step 2 system ""Apresenta a tela com as informações da diária do servidor (dados gerais da diária, extratificação do cálculo da diária, conta para crédito, período da viagem, histórico de tramitação, detalhamento de empenho e pagamento, prestação de contas e seus detalhes).""
","+		step 2 system ""Apresenta a tela com as informações da diária do servidor (dados gerais da diária, extratificação do cálculo da diária, conta para crédito, período da viagem, histórico de tramitação, detalhamento de empenho e pagamento, prestação de contas e seus detalhes).
+					Apresenta o numero do empenho e a autorização de pagamento como links.""
",LOW,0,1,2,{'TC3'},3,LOW,SorensenDice distance [0.47]: 0.06103286384976525 ,0
11,,src/UC001_Solicitar_Diarias.claret,exp01_rgp-diarias_v1.0.2,exp01_rgp-diarias_v1.0.3,"-		step 13 usuario ""Informa as datas de afastamento, antes do ultimo dia de viagem."" af[3,5]
","+		step 13 usuario ""Informa as datas de afastamento, antes do ultimo dia de viagem."" af[3]
",HIGH,0,15,31,"{'TC26', 'TC30', 'TC15', 'TC14', 'TC13', 'TC43', 'TC28', 'TC46', 'TC42', 'TC11', 'TC29', 'TC27', 'TC44', 'TC45', 'TC12'}",46,LOW,SorensenDice distance [0.47]: 0.00917431192660545 ,0
12,,src/UC001_Solicitar_Diarias.claret,exp01_rgp-diarias_v1.0.2,exp01_rgp-diarias_v1.0.3,"-	alternative 5 ""Período com dias alternados"" {
-		step 1 usuario ""Informa as datas de afastamento ALTERNADAS, antes do ultimo dia de viagem."" bs 14
-	}
",,HIGH,0,15,31,"{'TC36', 'TC32', 'TC33', 'TC20', 'TC3', 'TC19', 'TC18', 'TC35', 'TC34', 'TC2', 'TC16', 'TC1', 'TC5', 'TC4', 'TC17'}",46,HIGH,SorensenDice distance [0.47]: 0.9529411764705882 ,0
13,,src/UC009_Prestar_Contas.claret,exp01_rgp-diarias_v1.0.3,exp01_rgp-diarias_v1.1,"-		step 5 usuario ""Visualiza o histório da tramitação da prestação de contas."" af[1,2,3,4,5]
","+		step 5 usuario ""Verifica o histório da tramitação da prestação de contas."" af[1,2,3,4,5]
",LOW,0,1,9,{'TC10'},10,LOW,SorensenDice distance [0.47]: 0.11578947368421055 ,0
14,,src/UC010_Analisar_Prestacao_de_Contas.claret,exp01_rgp-diarias_v1.0.3,exp01_rgp-diarias_v1.1,"-		step 6 usuario ""Clica para analisar a prestação de contas.""
","+		step 6 usuario ""Verifica o histório da tramitação da prestação de contas e clica para analisar a prestação de contas.""
",LOW,0,4,1,"{'TC5', 'TC2', 'TC4', 'TC3'}",5,LOW,SorensenDice distance [0.47]: 0.1954022988505747 ,0
15,,src/UC011_Listar_Solicitacoes_de_Diarias.claret,exp01_rgp-diarias_v1.1,exp01_rgp-diarias_v1.1.1,"-		step 4 usuario ""Visualiza os registros de solicitações de diária."" af[1,2,3]
","+		step 4 usuario ""Visualiza os registros de solicitações de diária."" af[1,2,3,4]
",HIGH,0,1,3,{'TC4'},4,LOW,SorensenDice distance [0.47]: 0.01098901098901095 ,0
16,,src/UC011_Listar_Solicitacoes_de_Diarias.claret,exp01_rgp-diarias_v1.1,exp01_rgp-diarias_v1.1.1,,"+	alternative 4 ""Ordenar pelo nome do servidor"" {
+		step 1 usuario ""Clica para ordenar pelo nome do servidor.""
+		step 2 system ""Visualiza os registros de solicitações de diária ordenado pelo nome do servidor.""
+	}
",HIGH,1,0,4,{'TC1'},5,HIGH,SorensenDice distance [0.47]: 0.9759036144578314 ,0
17,,src/UC001_Solicitar_Diarias.claret,exp01_rgp-diarias_v1.1.1,exp01_rgp-diarias_v1.2,"-		step 21 usuario ""Seleciona o(s) beneficiarios da(s) diaria(s).""
-		step 22 system ""Exibe os beneficiarios selecionados.""
","+		step 21 usuario ""Seleciona o(s) beneficiarios da(s) diaria(s)."" 
+		step 22 system ""Exibe os beneficiarios selecionados."" ef[5]
",HIGH,0,30,1,"{'TC15', 'TC3', 'TC13', 'TC11', 'TC16', 'TC29', 'TC7', 'TC27', 'TC10', 'TC20', 'TC19', 'TC14', 'TC22', 'TC4', 'TC26', 'TC30', 'TC23', 'TC24', 'TC8', 'TC31', 'TC28', 'TC1', 'TC9', 'TC25', 'TC18', 'TC6', 'TC2', 'TC5', 'TC12', 'TC17'}",31,LOW,SorensenDice distance [0.47]: 0.010309278350515427 ,0
18,,src/UC001_Solicitar_Diarias.claret,exp01_rgp-diarias_v1.1.1,exp01_rgp-diarias_v1.2,,"+	exception 5 ""Conta para recebimento de diárias não cadastrada"" {
+		step 1 system ""Não confirma a existencia de conta para recebimento de diarias do servidor.
+					Exibe a mensagem de erro MSG002 - Conta para recebimento de diárias não cadastrada.""
+	}
",HIGH,37,0,0,"{'TC36', 'TC32', 'TC15', 'TC3', 'TC13', 'TC11', 'TC16', 'TC29', 'TC7', 'TC27', 'TC10', 'TC21', 'TC37', 'TC20', 'TC19', 'TC14', 'TC35', 'TC22', 'TC4', 'TC26', 'TC30', 'TC23', 'TC33', 'TC24', 'TC8', 'TC31', 'TC28', 'TC1', 'TC9', 'TC25', 'TC18', 'TC6', 'TC34', 'TC2', 'TC5', 'TC12', 'TC17'}",37,HIGH,SorensenDice distance [0.47]: 1.0 ,0
19,,src/UC001_Solicitar_Diarias.claret,exp01_rgp-diarias_v1.2,exp01_rgp-diarias_v1.2.1,"-		step 21 usuario ""Seleciona o(s) beneficiarios da(s) diaria(s)."" 
","+		step 21 usuario ""Seleciona o(s) beneficiarios da(s) diaria(s)."" af[5]
",HIGH,0,36,1,"{'TC36', 'TC32', 'TC15', 'TC3', 'TC13', 'TC11', 'TC16', 'TC29', 'TC7', 'TC27', 'TC10', 'TC21', 'TC37', 'TC20', 'TC19', 'TC14', 'TC35', 'TC22', 'TC4', 'TC26', 'TC30', 'TC23', 'TC33', 'TC24', 'TC8', 'TC31', 'TC28', 'TC1', 'TC9', 'TC18', 'TC6', 'TC34', 'TC2', 'TC5', 'TC12', 'TC17'}",37,LOW,SorensenDice distance [0.47]: 0.04225352112676062 ,0
20,,src/UC001_Solicitar_Diarias.claret,exp01_rgp-diarias_v1.2,exp01_rgp-diarias_v1.2.1,,"+	alternative 5 ""Informar nome social"" {
+		step 1 usuario ""Seleciona o(s) beneficiarios da(s) diaria(s).""
+		step 2 system ""Exibe os beneficiarios selecionados e o campo para preenchimento do nome social""
+		step 3 usuario ""Informa o nome social do beneficiario da(s) diaria(s)"" bs 24
+	}
",HIGH,30,0,37,"{'TC36', 'TC15', 'TC3', 'TC13', 'TC58', 'TC48', 'TC46', 'TC16', 'TC57', 'TC60', 'TC27', 'TC59', 'TC50', 'TC49', 'TC37', 'TC14', 'TC35', 'TC4', 'TC26', 'TC23', 'TC24', 'TC1', 'TC38', 'TC47', 'TC25', 'TC34', 'TC2', 'TC5', 'TC12', 'TC61'}",67,HIGH,SorensenDice distance [0.47]: 0.9795918367346939 ,0
21,,src/UC005_Listar_Empenhos_Pendentes.claret,exp01_rgp-diarias_v1.2.1,exp01_rgp-diarias_v1.2.3,"-		step 2 system ""Exibe a lista de solicitações aguardando serem empenhadas.""
","+		step 2 system ""Exibe a lista de solicitações aguardando serem empenhadas ordenado pelo numero da diaria em ordem crescente.""
",LOW,0,1,6,{'TC7'},7,LOW,SorensenDice distance [0.47]: 0.16521739130434787 ,0
22,,src/UC007_Listar_Autorizacoes_Pagamentos_Pendentes.claret,exp01_rgp-diarias_v1.2.1,exp01_rgp-diarias_v1.2.3,"-		step 2 system ""Recupera e exibe para o usuário a lista de diárias aptas para pagamento.""
","+		step 2 system ""Recupera e exibe para o usuário a lista de diárias aptas para pagamento ordenado pelo numero de diarias em ordem crescente.""
",LOW,0,5,0,"{'TC3', 'TC2', 'TC1', 'TC5', 'TC4'}",5,LOW,SorensenDice distance [0.47]: 0.16279069767441856 ,0
23,,src/UC012_Listar_Liquidacoes_Pendentes.claret,exp01_rgp-diarias_v1.2.1,exp01_rgp-diarias_v1.2.3,"-		step 4 system ""Exibe a lista de diárias (solicitações) aptas para pagamento."" 
","+		step 4 system ""Exibe a lista de diárias (solicitações) aptas para pagamento ordenado pelo numero da diaria em ordem crescente."" 
",LOW,0,1,3,{'TC4'},4,LOW,SorensenDice distance [0.47]: 0.18644067796610164 ,0
24,,src/UC007_Listar_Autorizacoes_Pagamentos_Pendentes.claret,exp01_rgp-diarias_v1.2.3,exp01_rgp-diarias_v1.2.4,"-		step 2 system ""Recupera e exibe para o usuário a lista de diárias aptas para pagamento ordenado pelo numero de diarias em ordem crescente.""
","+		step 2 system ""Recupera e exibe para o usuário a lista de diárias aptas para pagamento ordenado pelo numero de diarias em ordem crescente.
+					Exibe esta lista de diárias também ordenada pela data de chegada da solicitação na fase de autorização (após registrar o empenho).""
",LOW,0,5,0,"{'TC3', 'TC2', 'TC1', 'TC5', 'TC4'}",5,LOW,SorensenDice distance [0.47]: 0.16666666666666663 ,0
25,,src/UC012_Listar_Liquidacoes_Pendentes.claret,exp01_rgp-diarias_v1.2.3,exp01_rgp-diarias_v1.2.4,"-		step 4 system ""Exibe a lista de diárias (solicitações) aptas para pagamento ordenado pelo numero da diaria em ordem crescente."" 
","+		step 4 system ""Exibe a lista de diárias (solicitações) aptas para pagamento ordenado pelo numero da diaria em ordem crescente.
+					Exibe esta lista de diarias também ordenada pela data de chegada da solicitação na fase de liquidação (após registrar o empenho).""
",LOW,0,1,3,{'TC4'},4,LOW,SorensenDice distance [0.47]: 0.16167664670658688 ,0
26,,src/UC001_Solicitar_Diarias.claret,exp01_rgp-diarias_v1.2.4,exp01_rgp-diarias_v1.2.5,"-	preCondition ""O usuario acessa o caso de uso atraves do menu."", 
-		""O sistema exibe a tela de solicitacao de diarias.""
","+	preCondition ""O usuário acessa o caso de uso através do menu."", 
+		""O sistema exibe a tela de solicitação de diárias.""
",LOW,0,67,0,"{'TC57', 'TC66', 'TC36', 'TC32', 'TC15', 'TC3', 'TC13', 'TC62', 'TC48', 'TC58', 'TC46', 'TC11', 'TC16', 'TC29', 'TC60', 'TC7', 'TC64', 'TC10', 'TC45', 'TC49', 'TC53', 'TC59', 'TC50', 'TC27', 'TC21', 'TC37', 'TC20', 'TC19', 'TC14', 'TC35', 'TC22', 'TC42', 'TC41', 'TC55', 'TC44', 'TC4', 'TC52', 'TC65', 'TC26', 'TC30', 'TC23', 'TC33', 'TC61', 'TC67', 'TC24', 'TC8', 'TC43', 'TC31', 'TC28', 'TC1', 'TC38', 'TC9', 'TC54', 'TC47', 'TC40', 'TC25', 'TC39', 'TC56', 'TC18', 'TC6', 'TC34', 'TC2', 'TC51', 'TC63', 'TC5', 'TC12', 'TC17'}",67,LOW,SorensenDice distance [0.47]: 0.045454545454545414 ,0
27,,src/UC001_Solicitar_Diarias.claret,exp01_rgp-diarias_v1.2.4,exp01_rgp-diarias_v1.2.5,"-		step 2 system ""Exibe a opcao escolhida: viagem nacional - fora do estado (interestadual)."" 
","+		step 2 system ""Exibe a opção escolhida: viagem nacional - fora do estado (interestadual)."" 
",LOW,0,23,44,"{'TC66', 'TC62', 'TC58', 'TC48', 'TC46', 'TC57', 'TC60', 'TC59', 'TC64', 'TC50', 'TC53', 'TC45', 'TC49', 'TC55', 'TC65', 'TC52', 'TC67', 'TC54', 'TC47', 'TC56', 'TC51', 'TC63', 'TC61'}",67,LOW,SorensenDice distance [0.47]: 0.02857142857142858 ,0
28,,src/UC001_Solicitar_Diarias.claret,exp01_rgp-diarias_v1.2.4,exp01_rgp-diarias_v1.2.5,"-		step 4 system ""Exibe a opcao escolhida: estado."" ef[1]
","+		step 4 system ""Exibe a opção escolhida: estado."" ef[1]
",LOW,0,22,45,"{'TC66', 'TC62', 'TC58', 'TC48', 'TC46', 'TC57', 'TC60', 'TC59', 'TC64', 'TC50', 'TC53', 'TC49', 'TC55', 'TC65', 'TC52', 'TC67', 'TC54', 'TC47', 'TC56', 'TC51', 'TC63', 'TC61'}",67,LOW,SorensenDice distance [0.47]: 0.0461538461538461 ,0
29,,src/UC001_Solicitar_Diarias.claret,exp01_rgp-diarias_v1.2.4,exp01_rgp-diarias_v1.2.5,"-		step 6 system ""Exibe a opcao escolhida: cidade(s).""
","+		step 6 system ""Exibe a opção escolhida: cidade(s).""
",LOW,0,44,23,"{'TC66', 'TC36', 'TC32', 'TC62', 'TC58', 'TC48', 'TC46', 'TC57', 'TC29', 'TC60', 'TC27', 'TC64', 'TC53', 'TC59', 'TC49', 'TC50', 'TC37', 'TC35', 'TC42', 'TC41', 'TC55', 'TC44', 'TC65', 'TC52', 'TC26', 'TC30', 'TC23', 'TC33', 'TC67', 'TC24', 'TC43', 'TC31', 'TC28', 'TC38', 'TC54', 'TC47', 'TC40', 'TC25', 'TC39', 'TC56', 'TC34', 'TC51', 'TC63', 'TC61'}",67,LOW,SorensenDice distance [0.47]: 0.049180327868852514 ,0
30,,src/UC001_Solicitar_Diarias.claret,exp01_rgp-diarias_v1.2.4,exp01_rgp-diarias_v1.2.5,"-		step 8 system ""Exibe a opcao escolhida: tipo de deslocamento.""
","+		step 8 system ""Exibe a opção escolhida: tipo de deslocamento.""
",LOW,0,66,1,"{'TC57', 'TC66', 'TC36', 'TC32', 'TC15', 'TC3', 'TC13', 'TC62', 'TC48', 'TC58', 'TC46', 'TC11', 'TC16', 'TC29', 'TC60', 'TC7', 'TC64', 'TC10', 'TC53', 'TC49', 'TC59', 'TC50', 'TC27', 'TC21', 'TC37', 'TC20', 'TC19', 'TC14', 'TC35', 'TC22', 'TC42', 'TC41', 'TC55', 'TC44', 'TC4', 'TC52', 'TC65', 'TC26', 'TC30', 'TC23', 'TC33', 'TC61', 'TC67', 'TC24', 'TC8', 'TC43', 'TC31', 'TC28', 'TC1', 'TC38', 'TC9', 'TC54', 'TC47', 'TC40', 'TC25', 'TC39', 'TC56', 'TC18', 'TC6', 'TC34', 'TC2', 'TC51', 'TC63', 'TC5', 'TC12', 'TC17'}",67,LOW,SorensenDice distance [0.47]: 0.012048192771084376 ,0
31,,src/UC001_Solicitar_Diarias.claret,exp01_rgp-diarias_v1.2.4,exp01_rgp-diarias_v1.2.5,"-		step 10 system ""Exibe a opcao escolhida: hospedagem.""
-		step 11 usuario ""Escolhe o tipo de periodo de afastamento.""
-		step 12 system ""Exibe a opcao escolhida: periodo de afastamento.""
-		step 13 usuario ""Informa as datas de afastamento, antes do ultimo dia de viagem."" af[3]
","+		step 10 system ""Exibe a opção escolhida: hospedagem.""
+		step 11 usuario ""Escolhe o tipo de período de afastamento.""
+		step 12 system ""Exibe a opção escolhida: período de afastamento.""
+		step 13 usuario ""Informa as datas de afastamento, antes do último dia de viagem."" af[3]
",LOW,0,33,34,"{'TC66', 'TC36', 'TC15', 'TC13', 'TC62', 'TC58', 'TC16', 'TC57', 'TC60', 'TC64', 'TC59', 'TC17', 'TC21', 'TC37', 'TC20', 'TC19', 'TC14', 'TC35', 'TC22', 'TC42', 'TC41', 'TC44', 'TC65', 'TC67', 'TC43', 'TC38', 'TC40', 'TC39', 'TC18', 'TC34', 'TC63', 'TC12', 'TC61'}",67,LOW,SorensenDice distance [0.47]: 0.027027027027026973 ,0
32,,src/UC001_Solicitar_Diarias.claret,exp01_rgp-diarias_v1.2.4,exp01_rgp-diarias_v1.2.5,"-		step 16 system ""Exibe a opcao escolhida: pernoite.""
","+		step 16 system ""Exibe a opção escolhida: pernoite.""
",LOW,0,66,1,"{'TC57', 'TC66', 'TC36', 'TC32', 'TC15', 'TC3', 'TC13', 'TC62', 'TC48', 'TC58', 'TC46', 'TC11', 'TC16', 'TC29', 'TC60', 'TC7', 'TC64', 'TC10', 'TC53', 'TC49', 'TC59', 'TC50', 'TC27', 'TC21', 'TC37', 'TC20', 'TC19', 'TC14', 'TC35', 'TC22', 'TC42', 'TC41', 'TC55', 'TC44', 'TC4', 'TC52', 'TC65', 'TC26', 'TC30', 'TC23', 'TC33', 'TC61', 'TC67', 'TC24', 'TC8', 'TC43', 'TC31', 'TC28', 'TC1', 'TC38', 'TC9', 'TC54', 'TC47', 'TC40', 'TC25', 'TC39', 'TC56', 'TC18', 'TC6', 'TC34', 'TC2', 'TC51', 'TC63', 'TC5', 'TC12', 'TC17'}",67,LOW,SorensenDice distance [0.47]: 0.04347826086956519 ,0
33,,src/UC001_Solicitar_Diarias.claret,exp01_rgp-diarias_v1.2.4,exp01_rgp-diarias_v1.2.5,"-		step 18 system ""Exibe a opcao escolhida: justificativa.""
","+		step 18 system ""Exibe a opção escolhida: justificativa.""
",LOW,0,66,1,"{'TC57', 'TC66', 'TC36', 'TC32', 'TC15', 'TC3', 'TC13', 'TC62', 'TC48', 'TC58', 'TC46', 'TC11', 'TC16', 'TC29', 'TC60', 'TC7', 'TC64', 'TC10', 'TC53', 'TC49', 'TC59', 'TC50', 'TC27', 'TC21', 'TC37', 'TC20', 'TC19', 'TC14', 'TC35', 'TC22', 'TC42', 'TC41', 'TC55', 'TC44', 'TC4', 'TC52', 'TC65', 'TC26', 'TC30', 'TC23', 'TC33', 'TC61', 'TC67', 'TC24', 'TC8', 'TC43', 'TC31', 'TC28', 'TC1', 'TC38', 'TC9', 'TC54', 'TC47', 'TC40', 'TC25', 'TC39', 'TC56', 'TC18', 'TC6', 'TC34', 'TC2', 'TC51', 'TC63', 'TC5', 'TC12', 'TC17'}",67,LOW,SorensenDice distance [0.47]: 0.02631578947368418 ,0
34,,src/UC001_Solicitar_Diarias.claret,exp01_rgp-diarias_v1.2.4,exp01_rgp-diarias_v1.2.5,"-		step 21 usuario ""Seleciona o(s) beneficiarios da(s) diaria(s)."" af[5]
-		step 22 system ""Exibe os beneficiarios selecionados."" ef[5]
-		step 23 usuario ""Seleciona o(s) beneficiarios da(s) diaria(s).""
-		step 24 system ""Confirma a existencia de conta para recebimento de diarias do servidor."" ef[2]
-		step 25 usuario ""Clica em confirmar."" af [4]
-		step 26 system ""Calcula o valor da(s) diaria(s) com as informacoes do formulario."" ef[3,4]
","+		step 21 usuario ""Seleciona o(s) beneficiário(s) da(s) diária(s)."" af[5]
+		step 22 system ""Exibe os beneficiário(s) selecionado(s)."" ef[5]
+		step 23 usuario ""Seleciona o(s) beneficiário(s) da(s) diária(s).""
+		step 24 system ""Confirma a existência de conta para recebimento de diárias do servidor."" ef[2]
+		step 25 usuario ""Clica em confirmar."" af[4]
+		step 26 system ""Calcula o valor da(s) diária(s) com as informações do formulário."" ef[3,4]
",LOW,0,12,55,"{'TC33', 'TC67', 'TC56', 'TC27', 'TC22', 'TC11', 'TC16', 'TC5', 'TC44', 'TC50', 'TC38', 'TC61'}",67,LOW,SorensenDice distance [0.47]: 0.012345679012345734 ,0
35,,src/UC001_Solicitar_Diarias.claret,exp01_rgp-diarias_v1.2.4,exp01_rgp-diarias_v1.2.5,"-		step 28 system ""Altera o status da diaria para SOLICITADA: (antes) para empenho; ou, (depois) para prestação de contas""
","+		step 28 system ""Altera o status da diária para SOLICITADA: (antes) para empenho; ou, (depois) para prestação de contas.""
",LOW,0,12,55,"{'TC33', 'TC67', 'TC56', 'TC27', 'TC22', 'TC11', 'TC16', 'TC5', 'TC44', 'TC50', 'TC38', 'TC61'}",67,LOW,SorensenDice distance [0.47]: 0.007751937984496138 ,0
36,,src/UC001_Solicitar_Diarias.claret,exp01_rgp-diarias_v1.2.4,exp01_rgp-diarias_v1.2.5,"-		step 2 system ""Exibe a opcao escolhida: viagem nacional - dentro do estado (intermunicipal)""
","+		step 2 system ""Exibe a opção escolhida: viagem nacional - dentro do estado (intermunicipal).""
",LOW,0,22,45,"{'TC36', 'TC32', 'TC29', 'TC27', 'TC37', 'TC35', 'TC42', 'TC41', 'TC44', 'TC26', 'TC30', 'TC23', 'TC33', 'TC24', 'TC43', 'TC31', 'TC28', 'TC38', 'TC40', 'TC25', 'TC39', 'TC34'}",67,LOW,SorensenDice distance [0.47]: 0.02564102564102566 ,0
37,,src/UC001_Solicitar_Diarias.claret,exp01_rgp-diarias_v1.2.4,exp01_rgp-diarias_v1.2.5,"-		step 4 system ""Exibe a opcao escolhida: país da viagem""
","+		step 4 system ""Exibe a opção escolhida: país da viagem.""
",LOW,0,22,45,"{'TC15', 'TC3', 'TC13', 'TC11', 'TC16', 'TC7', 'TC10', 'TC21', 'TC20', 'TC19', 'TC14', 'TC22', 'TC4', 'TC8', 'TC1', 'TC9', 'TC18', 'TC6', 'TC2', 'TC5', 'TC12', 'TC17'}",67,LOW,SorensenDice distance [0.47]: 0.04225352112676062 ,1
38,,src/UC001_Solicitar_Diarias.claret,exp01_rgp-diarias_v1.2.4,exp01_rgp-diarias_v1.2.5,"-	alternative 3 ""Pedido de Diaria apos realizacao da viagem."" {
-		step 1 usuario ""Informa as datas de afastamento, apos o ultimo dia de viagem."" bs 14 
","+	alternative 3 ""Pedido de diária após realização da viagem."" {
+		step 1 usuario ""Informa as datas de afastamento, após o último dia de viagem."" bs 14 
",LOW,0,33,34,"{'TC32', 'TC3', 'TC48', 'TC46', 'TC11', 'TC29', 'TC7', 'TC27', 'TC53', 'TC10', 'TC49', 'TC50', 'TC55', 'TC4', 'TC52', 'TC26', 'TC30', 'TC23', 'TC33', 'TC24', 'TC8', 'TC31', 'TC28', 'TC1', 'TC9', 'TC54', 'TC47', 'TC25', 'TC56', 'TC6', 'TC2', 'TC51', 'TC5'}",67,LOW,SorensenDice distance [0.47]: 0.07006369426751591 ,0
39,,src/UC001_Solicitar_Diarias.claret,exp01_rgp-diarias_v1.2.4,exp01_rgp-diarias_v1.2.5,"-		step 1 usuario ""Seleciona o(s) beneficiarios da(s) diaria(s).""
-		step 2 system ""Exibe os beneficiarios selecionados e o campo para preenchimento do nome social""
-		step 3 usuario ""Informa o nome social do beneficiario da(s) diaria(s)"" bs 24
","+		step 1 usuario ""Seleciona o(s) beneficiário(s) da(s) diária(s).""
+		step 2 system ""Exibe os beneficiário(s) selecionado(s) e o campo para preenchimento do nome social.""
+		step 3 usuario ""Informa o nome social do beneficiário da(s) diária(s)."" bs 24
",LOW,0,30,37,"{'TC36', 'TC15', 'TC3', 'TC13', 'TC58', 'TC48', 'TC46', 'TC16', 'TC57', 'TC60', 'TC27', 'TC59', 'TC50', 'TC49', 'TC37', 'TC14', 'TC35', 'TC4', 'TC26', 'TC23', 'TC24', 'TC1', 'TC38', 'TC47', 'TC25', 'TC34', 'TC2', 'TC5', 'TC12', 'TC61'}",67,LOW,SorensenDice distance [0.47]: 0.005714285714285672 ,0
40,,src/UC001_Solicitar_Diarias.claret,exp01_rgp-diarias_v1.2.4,exp01_rgp-diarias_v1.2.5,"-	postCondition ""O sistema salva os dados""
-}
",,HIGH,0,12,55,"{'TC33', 'TC67', 'TC56', 'TC27', 'TC22', 'TC11', 'TC16', 'TC5', 'TC44', 'TC50', 'TC38', 'TC61'}",67,HIGH,SorensenDice distance [0.47]: 1.0 ,0
41,,src/UC002_Gerenciar_Diarias_Do_Beneficiario_Minhas_Diarias.claret,exp01_rgp-diarias_v1.2.4,exp01_rgp-diarias_v1.2.5,"-	preCondition ""O usuario devidamente autenticado e na tela inicial do sistema""
","+	preCondition ""O usuário devidamente autenticado e na tela inicial do sistema.""
",LOW,0,5,0,"{'TC3', 'TC2', 'TC1', 'TC5', 'TC4'}",5,LOW,SorensenDice distance [0.47]: 0.02857142857142858 ,0
42,,src/UC002_Gerenciar_Diarias_Do_Beneficiario_Minhas_Diarias.claret,exp01_rgp-diarias_v1.2.4,exp01_rgp-diarias_v1.2.5,"-		step 1 usuario ""O usuario acessa o caso de uso atraves do menu."" af[1,2,3,4]
","+		step 1 usuario ""Acessa o caso de uso através do menu."" af[1,2,3,4]
",LOW,0,1,4,{'TC5'},5,LOW,SorensenDice distance [0.47]: 0.08235294117647063 ,0
43,,src/UC002_Gerenciar_Diarias_Do_Beneficiario_Minhas_Diarias.claret,exp01_rgp-diarias_v1.2.4,exp01_rgp-diarias_v1.2.5,"-		step 2 system ""Apresenta a tela de Detalhar Diárias""
","+		step 2 system ""Apresenta a tela de Detalhar Diárias.""
",LOW,0,1,4,{'TC3'},5,LOW,SorensenDice distance [0.47]: 0.0 ,0
44,,src/UC002_Gerenciar_Diarias_Do_Beneficiario_Minhas_Diarias.claret,exp01_rgp-diarias_v1.2.4,exp01_rgp-diarias_v1.2.5,"-		step 2 system ""Apresenta a tela de Analisar Prestação de Contas""
","+		step 2 system ""Apresenta a tela de Analisar Prestação de Contas.""
",LOW,0,1,4,{'TC2'},5,LOW,SorensenDice distance [0.47]: 0.0 ,0
45,,src/UC002_Gerenciar_Diarias_Do_Beneficiario_Minhas_Diarias.claret,exp01_rgp-diarias_v1.2.4,exp01_rgp-diarias_v1.2.5,"-		step 2 system ""Apresenta a tela de Cancelar Solicitação de Diária""
","+		step 2 system ""Apresenta a tela de Cancelar Solicitação de Diária.""
",LOW,0,1,4,{'TC1'},5,LOW,SorensenDice distance [0.47]: 0.0 ,0
46,,src/UC003_Cancelar_Solicitacao_Diaria.claret,exp01_rgp-diarias_v1.2.4,exp01_rgp-diarias_v1.2.5,"-	preCondition ""O usuario devidamente autenticado e na tela inicial de cancelar diárias""
","+	preCondition ""O usuário devidamente autenticado e na tela inicial de cancelar diárias.""
",LOW,0,5,0,"{'TC3', 'TC2', 'TC1', 'TC5', 'TC4'}",5,LOW,SorensenDice distance [0.47]: 0.01851851851851849 ,0
47,,src/UC003_Cancelar_Solicitacao_Diaria.claret,exp01_rgp-diarias_v1.2.4,exp01_rgp-diarias_v1.2.5,"-		step 2 system ""Exibe a mensagem (MSG102 - Confirmar cancelamento)"" ef[1]
","+		step 2 system ""Exibe a mensagem (MSG102 - Confirmar cancelamento)."" ef[1]
",LOW,0,4,1,"{'TC1', 'TC5', 'TC2', 'TC4'}",5,LOW,SorensenDice distance [0.47]: 0.0 ,0
48,,src/UC003_Cancelar_Solicitacao_Diaria.claret,exp01_rgp-diarias_v1.2.4,exp01_rgp-diarias_v1.2.5,"-		step 2 system ""Exibe a mensagem (MSG102 - Confirmar cancelamento)"" 
","+		step 2 system ""Exibe a mensagem (MSG102 - Confirmar cancelamento)."" 
",LOW,0,4,1,"{'TC1', 'TC5', 'TC2', 'TC4'}",5,LOW,SorensenDice distance [0.47]: 0.0 ,0
49,,src/UC004_Detalhar_Diarias.claret,exp01_rgp-diarias_v1.2.4,exp01_rgp-diarias_v1.2.5,"-	preCondition ""O usuario devidamente autenticado e na tela de listagem de diárias""
","+	preCondition ""O usuário devidamente autenticado e na tela de listagem de diárias.""
",LOW,0,3,0,"{'TC1', 'TC2', 'TC3'}",3,LOW,SorensenDice distance [0.47]: 0.029126213592232997 ,0
50,,src/UC005_Listar_Empenhos_Pendentes.claret,exp01_rgp-diarias_v1.2.4,exp01_rgp-diarias_v1.2.5,"-	preCondition ""O usuario devidamente autenticado e na tela de listagem de empenhos""
","+	preCondition ""O usuário devidamente autenticado e na tela de listagem de empenhos.""
",LOW,0,7,0,"{'TC3', 'TC6', 'TC2', 'TC1', 'TC5', 'TC4', 'TC7'}",7,LOW,SorensenDice distance [0.47]: 0.028037383177570097 ,0
51,,src/UC005_Listar_Empenhos_Pendentes.claret,exp01_rgp-diarias_v1.2.4,exp01_rgp-diarias_v1.2.5,"-		step 2 system ""Exibe a lista de solicitações aguardando serem empenhadas ordenado pelo numero da diaria em ordem crescente.""
","+		step 2 system ""Exibe a lista de solicitações aguardando serem empenhadas, de todos os servidores, ordenado pelo número da diária em ordem crescente.""
",LOW,0,1,6,{'TC7'},7,LOW,SorensenDice distance [0.47]: 0.07801418439716312 ,0
52,,src/UC005_Listar_Empenhos_Pendentes.claret,exp01_rgp-diarias_v1.2.4,exp01_rgp-diarias_v1.2.5,"-		step 1 usuario ""filtra a listagem por registros cujos beneficiários não possuem número do credor""
","+		step 1 usuario ""Filtra a listagem por registros cujos beneficiários não possuem número do credor.""
",LOW,0,3,4,"{'TC5', 'TC4', 'TC3'}",7,LOW,SorensenDice distance [0.47]: 0.024793388429752095 ,0
53,,src/UC005_Listar_Empenhos_Pendentes.claret,exp01_rgp-diarias_v1.2.4,exp01_rgp-diarias_v1.2.5,"-		step 2 system ""Apresenta a tela de Registrar Empenho""
","+		step 2 system ""Apresenta a tela de Registrar Empenho.""
",LOW,0,1,6,{'TC1'},7,LOW,SorensenDice distance [0.47]: 0.0 ,0
54,,src/UC007_Listar_Autorizacoes_Pagamentos_Pendentes.claret,exp01_rgp-diarias_v1.2.4,exp01_rgp-diarias_v1.2.5,"-	preCondition ""O usuario devidamente autenticado e na tela inicial do sistema""
","+	preCondition ""O usuário devidamente autenticado e na tela inicial do sistema.""
",LOW,0,5,0,"{'TC3', 'TC2', 'TC1', 'TC5', 'TC4'}",5,LOW,SorensenDice distance [0.47]: 0.02857142857142858 ,1
55,,src/UC007_Listar_Autorizacoes_Pagamentos_Pendentes.claret,exp01_rgp-diarias_v1.2.4,exp01_rgp-diarias_v1.2.5,"-		step 3 usuario ""Seleciona uma diária apta para pagamento"" af[1,2,3,4]
-		step 4 system ""Destaca a diária selecionada""
","+		step 3 usuario ""Seleciona uma diária apta para pagamento."" af[1,2,3,4]
+		step 4 system ""Destaca a diária selecionada.""
",LOW,0,1,4,{'TC5'},5,LOW,SorensenDice distance [0.47]: 0.0 ,0
56,,src/UC007_Listar_Autorizacoes_Pagamentos_Pendentes.claret,exp01_rgp-diarias_v1.2.4,exp01_rgp-diarias_v1.2.5,"-		step 2 system ""Apresenta a tela de Detalhar Diárias""
","+		step 2 system ""Apresenta a tela de Detalhar Diárias.""
",LOW,0,1,4,{'TC4'},5,LOW,SorensenDice distance [0.47]: 0.0 ,0
57,,src/UC007_Listar_Autorizacoes_Pagamentos_Pendentes.claret,exp01_rgp-diarias_v1.2.4,exp01_rgp-diarias_v1.2.5,"-		step 2 system ""Atualiza a lista de registros de solicitações, onde o nome deverá constar o nome do usuário logado (que se atribuiu como responsável pela AP) no campo de atribuição (no caso de desatribuição, o nome deverá ser removido).""
","+		step 2 system ""Atualiza a lista de registros de solicitações, onde deverá constar o nome do usuário logado (que se atribuiu como responsável pela AP) no campo de atribuição (no caso de desatribuição, o nome deverá ser removido).""
",LOW,0,1,4,{'TC3'},5,LOW,SorensenDice distance [0.47]: 0.005291005291005346 ,0
58,,src/UC007_Listar_Autorizacoes_Pagamentos_Pendentes.claret,exp01_rgp-diarias_v1.2.4,exp01_rgp-diarias_v1.2.5,"-		step 2 system ""Apresenta a tela de Registrar Autorizações de Pagamento""
","+		step 2 system ""Apresenta a tela de Registrar Autorizações de Pagamento.""
",LOW,0,1,4,{'TC2'},5,LOW,SorensenDice distance [0.47]: 0.0 ,0
59,,src/UC008_Registrar_Autorizacao_de_Pagamento.claret,exp01_rgp-diarias_v1.2.4,exp01_rgp-diarias_v1.2.5,"-		step 3 usuario ""Informa o número de Autorização de Pagamento e do Exercício.""
","+		step 1 usuario ""Informa o número de Autorização de Pagamento e do Exercício.""
",LOW,0,3,0,"{'TC1', 'TC2', 'TC3'}",3,LOW,SorensenDice distance [0.47]: 0.04166666666666663 ,0
60,,src/UC008_Registrar_Autorizacao_de_Pagamento.claret,exp01_rgp-diarias_v1.2.4,exp01_rgp-diarias_v1.2.5,"-		step 4 usuario ""Confirma a operação.""
-		step 5 system ""Persiste o número da AP e o ano de exercício conforme informados;
","+		step 3 usuario ""Confirma a operação.""
+		step 4 system ""Persiste o número da AP e o ano de exercício conforme informados;
",LOW,0,3,0,"{'TC1', 'TC2', 'TC3'}",3,LOW,SorensenDice distance [0.47]: 0.048387096774193505 ,0
61,,src/UC009_Prestar_Contas.claret,exp01_rgp-diarias_v1.2.4,exp01_rgp-diarias_v1.2.5,"-	preCondition ""O usuario devidamente autenticado e na tela inicial do sistema""
","+	preCondition ""O usuário devidamente autenticado e na tela inicial do sistema.""
",LOW,0,10,0,"{'TC9', 'TC4', 'TC3', 'TC8', 'TC6', 'TC2', 'TC1', 'TC5', 'TC10', 'TC7'}",10,LOW,SorensenDice distance [0.47]: 0.02857142857142858 ,0
62,,src/UC009_Prestar_Contas.claret,exp01_rgp-diarias_v1.2.4,exp01_rgp-diarias_v1.2.5,"-		step 5 usuario ""Verifica o histório da tramitação da prestação de contas."" af[1,2,3,4,5]
-		step 6 system ""Exibe o histórico da tramitação da prestação de contas."" 
","+		step 5 usuario ""Verifica o histórico da tramitação da prestação de contas."" af[1,2,3,4,5]
+		step 6 system ""Exibe o histórico da tramitação da prestação de contas.""
",LOW,0,1,9,{'TC10'},10,LOW,SorensenDice distance [0.47]: 0.0 ,0
63,,src/UC009_Prestar_Contas.claret,exp01_rgp-diarias_v1.2.4,exp01_rgp-diarias_v1.2.5,"-		step 2 system ""Apresenta a tela de Detalhar Diárias""
","+		step 2 system ""Apresenta a tela de Detalhar Diárias.""
",LOW,0,1,9,{'TC4'},10,LOW,SorensenDice distance [0.47]: 0.0 ,0
64,,src/UC010_Analisar_Prestacao_de_Contas.claret,exp01_rgp-diarias_v1.2.4,exp01_rgp-diarias_v1.2.5,"-	preCondition ""O usuario devidamente autenticado e na tela inicial do sistema""
","+	preCondition ""O usuário devidamente autenticado e na tela inicial do sistema.""
",LOW,0,5,0,"{'TC3', 'TC2', 'TC1', 'TC5', 'TC4'}",5,LOW,SorensenDice distance [0.47]: 0.02857142857142858 ,0
65,,src/UC010_Analisar_Prestacao_de_Contas.claret,exp01_rgp-diarias_v1.2.4,exp01_rgp-diarias_v1.2.5,"-		step 6 usuario ""Verifica o histório da tramitação da prestação de contas e clica para analisar a prestação de contas.""
-		step 7 system ""Exibe a tela para prestação de contas""
-		step 8 usuario ""Informa o parecer da prestação de contas.""
-		step 9 system ""Exibe mensagem de confirmação (MSG105 - Confirmar parecer da prestação de contas) para o usuário.""
-		step 10 usuario ""Confirma o parecer dado (confirma operação)."" af[1,2]
-		step 11 system ""Persiste as informações, alterando o status da prestação de contas conforme informada pelo usuário;
","+		step 5 usuario ""Verifica o histórico da tramitação da prestação de contas e clica para analisar a prestação de contas.""
+		step 6 system ""Exibe a tela para prestação de contas.""
+		step 7 usuario ""Informa o parecer da prestação de contas.""
+		step 8 system ""Exibe mensagem de confirmação (MSG105 - Confirmar parecer da prestação de contas) para o usuário.""
+		step 9 usuario ""Confirma o parecer dado (confirma operação)."" af[1,2]
+		step 10 system ""Persiste as informações, alterando o status da prestação de contas conforme informada pelo usuário;
",LOW,0,2,3,"{'TC5', 'TC4'}",5,LOW,SorensenDice distance [0.47]: 0.05555555555555558 ,1
66,,src/UC010_Analisar_Prestacao_de_Contas.claret,exp01_rgp-diarias_v1.2.4,exp01_rgp-diarias_v1.2.5,"-		step 2 system ""Exibe a tela de Detalhar Diárias""
","+		step 2 system ""Exibe a tela de Detalhar Diárias.""
",LOW,0,1,4,{'TC2'},5,LOW,SorensenDice distance [0.47]: 0.0 ,0
67,,src/UC011_Listar_Solicitacoes_de_Diarias.claret,exp01_rgp-diarias_v1.2.4,exp01_rgp-diarias_v1.2.5,"-	preCondition ""O usuario devidamente autenticado e na tela inicial do sistema""
","+	preCondition ""O usuário devidamente autenticado e na tela inicial do sistema.""
",LOW,0,5,0,"{'TC3', 'TC2', 'TC1', 'TC5', 'TC4'}",5,LOW,SorensenDice distance [0.47]: 0.02857142857142858 ,0
68,,src/UC011_Listar_Solicitacoes_de_Diarias.claret,exp01_rgp-diarias_v1.2.4,exp01_rgp-diarias_v1.2.5,"-		step 4 usuario ""Visualiza os registros de solicitações de diária."" af[1,2,3,4]
-		step 5 system ""Exibe os registros de solicitações de diária.""
","+		step 3 usuario ""Visualiza os registros de solicitações de diária."" af[1,2,3,4]
+		step 4 system ""Exibe os registros de solicitações de diária.""
",LOW,0,1,4,{'TC5'},5,LOW,SorensenDice distance [0.47]: 0.04347826086956519 ,0
69,,src/UC011_Listar_Solicitacoes_de_Diarias.claret,exp01_rgp-diarias_v1.2.4,exp01_rgp-diarias_v1.2.5,"-		step 4 system ""Exibe uma nova listagem de solicitações, de acordo com os filtros informados pelo usuário.""
","+		step 2 system ""Exibe uma nova listagem de solicitações, de acordo com os filtros informados pelo usuário.""
",LOW,0,1,4,{'TC2'},5,LOW,SorensenDice distance [0.47]: 0.02941176470588236 ,0
70,,src/UC012_Listar_Liquidacoes_Pendentes.claret,exp01_rgp-diarias_v1.2.4,exp01_rgp-diarias_v1.2.5,"-	preCondition ""O usuario devidamente autenticado e na tela inicial do sistema""
","+	preCondition ""O usuário devidamente autenticado e na tela inicial do sistema.""
",LOW,0,4,0,"{'TC1', 'TC2', 'TC4', 'TC3'}",4,LOW,SorensenDice distance [0.47]: 0.02857142857142858 ,0
71,,src/UC012_Listar_Liquidacoes_Pendentes.claret,exp01_rgp-diarias_v1.2.4,exp01_rgp-diarias_v1.2.5,"-	  	step 2 system ""Apresenta a tela de Detalhar Diárias""
","+	  	step 2 system ""Apresenta a tela de Detalhar Diárias.""
",LOW,0,1,3,{'TC3'},4,LOW,SorensenDice distance [0.47]: 0.0 ,0
72,,src/UC012_Listar_Liquidacoes_Pendentes.claret,exp01_rgp-diarias_v1.2.4,exp01_rgp-diarias_v1.2.5,"-	  	step 2 system ""Atualiza a lista de registros de solicitações, onde o nome deverá constar o nome do usuário logado (que se atribuiu como responsável pela liquidação) no campo de atribuição (no caso de desatribuição, o nome deverá ser removido).""
","+	  	step 2 system ""Atualiza a lista de registros de solicitações, onde deverá constar o nome do usuário logado (que se atribuiu como responsável pela liquidação) no campo de atribuição (no caso de desatribuição, o nome deverá ser removido).""
",LOW,0,1,3,{'TC2'},4,LOW,SorensenDice distance [0.47]: 0.005291005291005346 ,0
73,,src/UC012_Listar_Liquidacoes_Pendentes.claret,exp01_rgp-diarias_v1.2.4,exp01_rgp-diarias_v1.2.5,"-	  	step 2 system ""Apresenta a tela de Registrar Liquidações""
","+	  	step 2 system ""Apresenta a tela de Registrar Liquidações.""
",LOW,0,1,3,{'TC1'},4,LOW,SorensenDice distance [0.47]: 0.0 ,0
74,,src/UC013_Registrar_Liquidacao.claret,exp01_rgp-diarias_v1.2.4,exp01_rgp-diarias_v1.2.5,"-	preCondition ""O Sistema identifica a solicitação a ter a liquidação registrada (recebida por parâmetro)"",
","+	preCondition ""O sistema identifica a solicitação a ter a liquidação registrada (recebida por parâmetro)"",
",LOW,0,3,0,"{'TC1', 'TC2', 'TC3'}",3,LOW,SorensenDice distance [0.47]: 0.032258064516129004 ,0
75,,src/UC014_Minha_Conta_Bancaria.claret,exp01_rgp-diarias_v1.2.4,exp01_rgp-diarias_v1.2.5,"-	preCondition ""O usuario devidamente autenticado e na tela inicial do sistema""
","+	preCondition ""O usuário devidamente autenticado e na tela inicial do sistema.""
",LOW,0,4,0,"{'TC1', 'TC2', 'TC4', 'TC3'}",4,LOW,SorensenDice distance [0.47]: 0.02857142857142858 ,0
76,,src/UC014_Minha_Conta_Bancaria.claret,exp01_rgp-diarias_v1.2.4,exp01_rgp-diarias_v1.2.5,"-	  	step 1 usuario ""Acessa a funcionalidade Minha Conta Bancária (menu)"" 
","+	  	step 1 usuario ""Acessa a funcionalidade Minha Conta Bancária (menu)."" 
",LOW,0,4,0,"{'TC1', 'TC2', 'TC4', 'TC3'}",4,LOW,SorensenDice distance [0.47]: 0.0 ,0
77,,src/UC014_Minha_Conta_Bancaria.claret,exp01_rgp-diarias_v1.2.4,exp01_rgp-diarias_v1.2.5,"-		step 4 system ""Exibe mensagens informativas (MSG403 - Informativos sobre a atualização de conta bancários (dados bancários)) para o usuário sobre a manutenção de informações bancárias."" 
","+		step 4 system ""Exibe mensagens informativas (MSG403 - Informativos sobre a atualização de conta bancária (dados bancários)) para o usuário sobre a manutenção de informações bancárias."" 
",LOW,0,1,3,{'TC4'},4,LOW,SorensenDice distance [0.47]: 0.005586592178770999 ,0
78,,src/UC014_Minha_Conta_Bancaria.claret,exp01_rgp-diarias_v1.2.4,exp01_rgp-diarias_v1.2.5,"-	  	step 2 system ""Apresenta os campos (banco/agência/conta corrente) alterados""
","+	  	step 2 system ""Apresenta os campos (banco/agência/conta corrente) alterados.""
",LOW,0,3,1,"{'TC1', 'TC2', 'TC3'}",4,LOW,SorensenDice distance [0.47]: 0.0 ,0
79,,src/UC001_Solicitar_Diarias.claret,exp01_rgp-diarias_v1.2.5,exp01_rgp-diarias_v1.3,"-		step 25 usuario ""Clica em confirmar."" af[4]
","+		step 25 usuario ""Clica em confirmar."" af[4,6]
",HIGH,0,36,31,"{'TC66', 'TC36', 'TC32', 'TC15', 'TC3', 'TC48', 'TC11', 'TC16', 'TC60', 'TC27', 'TC59', 'TC10', 'TC50', 'TC49', 'TC21', 'TC37', 'TC20', 'TC14', 'TC22', 'TC42', 'TC55', 'TC44', 'TC4', 'TC65', 'TC26', 'TC33', 'TC67', 'TC43', 'TC31', 'TC38', 'TC9', 'TC54', 'TC25', 'TC56', 'TC5', 'TC61'}",67,LOW,SorensenDice distance [0.47]: 0.016393442622950838 ,0
80,,src/UC001_Solicitar_Diarias.claret,exp01_rgp-diarias_v1.2.5,exp01_rgp-diarias_v1.3,,"+	alternative 6 ""Alerta o estouro do limite de 10 diárias por mês"" {
+		step 1 usuario ""Clica em confirmar.""
+		step 2 system ""Exibe uma mensagem de alerta informando sobre o estouro do limite de 10 diárias por mês.""
+		step 3 usuario ""Fecha o alerta"" bs 26
+	}
",HIGH,36,0,67,"{'TC36', 'TC3', 'TC13', 'TC62', 'TC46', 'TC11', 'TC90', 'TC29', 'TC64', 'TC53', 'TC45', 'TC71', 'TC21', 'TC37', 'TC20', 'TC19', 'TC99', 'TC97', 'TC73', 'TC55', 'TC4', 'TC98', 'TC30', 'TC72', 'TC82', 'TC89', 'TC28', 'TC80', 'TC38', 'TC81', 'TC54', 'TC47', 'TC2', 'TC63', 'TC88', 'TC12'}",103,HIGH,SorensenDice distance [0.47]: 0.9646017699115044 ,0
